      9.08598
      8.97873
      8.97873
      9.05023
      9.03235
      9.05023
      9.08598
      9.08598
      9.08598
      9.06810
      9.08598
      9.12173
      9.12173
      9.15748
      9.15748
      9.12173
      9.06810
      9.05023
      9.08598
      9.08598
      9.05023
      9.15748
      9.15748
      9.22898
      9.22898
      9.24685
      9.22898
      9.22898
      9.22898
      9.22898
      9.17535
      9.19323
      9.19323
      9.19323
      9.19323
      9.17535
      9.17535
      9.17535
      9.15748
      9.15748
      9.15748
      9.15748
      9.13960
      9.08598
      9.08598
      9.08598
      9.08598
      9.06810
      9.05023
      9.03235
      9.03235
      9.03235
      9.03235
      9.03235
      9.01448
      9.01448
      9.03235
      9.03235
      9.03235
      9.01448
      9.01448
      9.06810
      9.06810
      9.05023
      9.12173
      9.17535
      9.17535
      9.17535
      9.17535
      9.17535
      9.15748
      9.15748
      9.17535
      9.17535
      9.15748
      9.21110
      9.21110
      9.21110
      9.21110
      9.21110
      9.21110
      9.21110
      9.21110
      9.21110
      9.22898
      9.21110
      9.21110
