       9.9618387       9.9260902       9.9260902       9.9439650       9.9618387
       9.9439650       9.9260902       9.9260902       9.9797134       9.9975882
       9.9797134       9.9797134       9.9797134       9.9797134       9.9797134
       10.015464       10.051212       10.051212       10.069087
       9.9439650       9.9439650       9.9260902       9.9260902       9.9439650
       9.9618387       9.9439650       9.9439650       9.9439650       9.9439650
       9.9618387       9.9439650       9.9260902       9.9260902       9.9618387
       9.9618387       9.9618387       10.015464       10.015464
       9.9260902       9.9439650       9.9439650       9.9439650       9.9260902
       9.9439650       9.9439650       9.9439650       9.9260902       9.9439650
       9.9260902       9.9618387       9.9618387       10.015464       10.015464
       10.104836       10.086963       10.086963       10.069087
       9.9439650       9.9439650       9.9439650       9.9618387       9.9439650
       9.9618387       9.9260902       9.9260902       9.9618387       9.9618387
       9.9618387       10.015464       10.015464       10.033338       10.033338
       10.086963       10.069087       10.069087       10.229960
       9.9260902       9.9439650       9.9439650       9.9260902       9.9439650
       9.9260902       9.9618387       9.9618387       10.015464       10.104836
       10.015464       10.086963       10.086963       10.069087       10.069087
       10.319334       10.801950       10.801950       10.694702
       9.9439650       9.9260902       9.9260902       9.9618387       9.9618387
       9.9618387       10.015464       10.015464       10.033338       10.086963
       10.033338       10.069087       10.069087       10.229960       10.229960
       10.801950       10.694702       10.694702       11.516939
       9.9618387       9.9618387       10.015464       10.015464       10.086963
       10.033338       10.086963       10.069087       10.069087       10.801950
       10.229960       10.801950       10.694702       10.694702       11.516939
       11.570563       11.570563       11.481190       11.481190
       9.9797134       9.9618387       9.9618387       9.9797134       9.9797134
       9.9797134       9.9618387       9.9618387       9.9797134       9.9797134
       9.9797134       9.9797134       9.9797134       9.9975882       9.9797134
       9.9975882       9.9797134       9.9797134       10.158462
       10.015464       10.015464       10.033338       10.033338       10.069087
       10.015464       10.069087       10.229960       10.229960       10.694702
       10.194210       10.694702       11.516939       11.516939       11.516939
       11.481190       11.481190       11.338192       11.338192
       9.9618387       9.9797134       9.9797134       9.9618387       9.9618387
       9.9618387       9.9797134       9.9797134       9.9797134       9.9797134
       9.9797134       9.9975882       9.9797134       9.9797134       10.033338
       9.9797134       10.158462       10.158462       10.962823
       10.086963       10.069087       10.069087       10.229960       10.801950
       10.229960       10.694702       10.694702       11.516939       11.570563
       11.516939       11.481190       11.481190       11.338192       11.338192
       11.159445       10.676828       10.676828       10.801950
       9.9618387       9.9618387       9.9797134       9.9797134       9.9797134
       9.9797134       9.9797134       9.9975882       9.9797134       9.9797134
       9.9797134       9.9797134       10.158462       10.158462       10.962823
       11.195194       11.373941       11.284568       11.320317
       10.069087       10.229960       10.229960       10.194210       10.694702
       10.194210       11.516939       11.516939       11.516939       11.481190
       11.516939       11.338192       11.338192       10.909200       10.909200
       10.676828       10.801950       10.819825       10.891324
       9.9797134       9.9797134       9.9797134       9.9797134       9.9975882
       9.9975882       9.9797134       9.9797134       10.033338       10.158462
       10.033338       10.158462       10.962823       11.177320       11.177320
       11.284568       11.320317       11.320317       11.034322
       9.9797134       9.9797134       9.9797134       9.9797134       9.9975882
       9.9797134       9.9975882       9.9975882       9.9975882       10.015464
       9.9975882       10.015464       10.051212       10.176335       10.176335
       10.480206       11.195194       11.195194       11.230944
       10.694702       10.694702       11.516939       11.516939       11.481190
       11.516939       11.481190       11.338192       11.338192       10.676828
       10.909200       10.676828       10.801950       10.819825       10.891324
       10.998572       10.998572       10.944948       10.944948
       9.9975882       9.9975882       9.9975882       9.9975882       10.015464
       9.9975882       10.015464       10.015464       10.051212       10.480206
       10.176335       10.480206       11.195194       11.195194       11.230944
       11.105821       11.105821       11.123695       11.123695
       11.213069       11.213069       11.034322       11.034322       10.766202
       10.873449       10.766202       10.748326       10.748326       11.016447
       10.927073       11.016447       11.087946       11.087946       11.230944
       11.213069       11.213069       10.998572       10.998572
       9.9975882       9.9975882       9.9975882       9.9975882       10.015464
       10.015464       10.051212       10.176335       10.176335       11.195194
       11.195194       11.195194       11.230944       11.230944       11.213069
       11.123695       11.123695       10.801950       10.801950
       10.819825       10.819825       10.766202       10.766202       10.998572
       10.748326       10.998572       11.016447       11.016447       11.034322
       11.087946       11.034322       11.213069       11.213069       10.998572
       10.980699       10.980699       11.070071       11.070071
       10.015464       10.015464       10.051212       10.176335       10.480206
       10.176335       11.195194       11.195194       11.230944       11.105821
       11.230944       11.123695       11.123695       10.801950       10.801950
       10.676828       10.748326       10.748326       10.909200
       10.766202       10.766202       10.748326       10.748326       11.016447
       10.927073       11.016447       11.087946       11.087946       11.213069
       11.230944       11.213069       10.998572       10.998572       10.998572
       11.070071       11.070071       11.195194       11.266693
       11.338192       10.909200       10.909200       10.873449       10.819825
       10.819825       10.891324       10.891324       10.980699       10.944948
       11.034322       11.070071       11.105821       11.105821       11.159445
       11.070071       11.213069       11.266693       11.266693
       10.051212       10.176335       10.176335       11.195194       11.195194
       11.195194       11.230944       11.230944       11.213069       11.123695
       11.213069       10.801950       10.801950       10.998572       10.998572
       10.748326       10.909200       10.909200       11.266693
       10.051212       10.051212       10.515955       10.515955       11.213069
       10.998572       11.213069       11.087946       11.087946       11.141570
       11.230944       11.141570       11.642062       11.642062       11.373941
       11.230944       11.230944       11.481190       11.481190
       10.801950       10.819825       10.891324       10.891324       10.944948
       10.980699       10.944948       11.070071       11.105821       11.070071
       11.105821       11.070071       11.213069       11.266693       11.266693
       11.266693       11.445440       11.445440       11.481190
       10.873449       10.819825       10.819825       10.873449       10.927073
       10.873449       11.052197       11.052197       11.052197       11.105821
       11.052197       11.159445       11.159445       11.105821       11.105821
       11.248818       11.391816       11.391816       11.570563
       10.515955       10.998572       10.998572       11.070071       11.087946
       11.070071       11.230944       11.230944       11.659937       11.642062
       11.659937       11.373941       11.373941       11.499064       11.499064
       11.481190       11.606313       11.588438       11.588438
       10.819825       10.873449       10.873449       11.123695       11.052197
       11.123695       11.052197       11.052197       11.123695       11.159445
       11.123695       11.105821       11.105821       11.391816       11.391816
       11.391816       11.570563       11.570563       11.606313
       10.962823       10.962823       11.052197       11.052197       10.998572
       10.891324       10.998572       11.159445       11.159445       11.034322
       11.034322       11.034322       11.052197       11.052197       11.373941
       11.391816       11.391816       11.642062       11.642062
       10.998572       10.998572       11.070071       11.070071       11.230944
       11.284568       11.230944       11.659937       11.659937       11.373941
       11.445440       11.373941       11.499064       11.499064       11.606313
       11.606313       11.588438       11.588438       11.856559
       11.052197       10.998572       10.998572       11.159445       11.159445
       11.159445       11.034322       11.034322       11.052197       11.087946
       11.052197       11.391816       11.391816       11.642062       11.642062
       11.659937       11.802935       11.802935       11.856559
