       29.703614      -115.68065     -0.42187834           0
       29.702756      -115.68088     -0.43029165           0
       29.701898      -115.68112     -0.42187834           0
       29.701039      -115.68135     -0.42187834           0
       29.700181      -115.68158     -0.42187834           0
       29.699322      -115.68181     -0.42187834           0
       29.698464      -115.68204     -0.43818903           0
       29.697606      -115.68227     -0.41294909           0
       29.696748      -115.68250     -0.42977571           0
       29.695890      -115.68273     -0.42977571           0
       29.695031      -115.68296     -0.41294909           0
       29.694173      -115.68319     -0.42136240           0
       29.693315      -115.68342     -0.41294909           0
       29.692457      -115.68366     -0.42136240           0
       29.691600      -115.68389     -0.41294909           0
       29.690741      -115.68412     -0.41294909           0
       29.689883      -115.68435     -0.42136240           0
       29.689025      -115.68458     -0.39959764           0
       29.688167      -115.68481     -0.39118433           0
       29.687309      -115.68504     -0.39118433           0
       29.686450      -115.68527     -0.37435675           0
       29.685590      -115.68550     -0.37435675           0
       29.684732      -115.68573     -0.37435675           0
       29.683874      -115.68596     -0.38277102           0
       29.683017      -115.68620     -0.37435675           0
       29.682159      -115.68643     -0.37435675           1
       29.681300      -115.68666     -0.36594343           1
       29.680441      -115.68689     -0.37519073           1
       29.679583      -115.68712     -0.39201832           1
       29.678725      -115.68735     -0.39201832           1
       29.677866      -115.68758     -0.40884495           1
       29.677008      -115.68781     -0.39047480           1
       29.676149      -115.68804     -0.39047480           1
       29.675291      -115.68827     -0.39047480           1
       29.674433      -115.68850     -0.39888811           1
       29.673575      -115.68874     -0.40730143           1
       29.672716      -115.68897     -0.41571474           1
       29.671857      -115.68920     -0.40730143           1
       29.670999      -115.68943     -0.40884495           1
       29.670140      -115.68966     -0.40884495           1
       29.669282      -115.68989     -0.40043163           1
       29.668424      -115.69012     -0.40884495           1
       29.667566      -115.69035     -0.40884495           1
       29.666707      -115.69058     -0.40884495           1
       29.665849      -115.69081     -0.40884495           1
       29.664990      -115.69104     -0.42567158           1
       29.664131      -115.69127     -0.42567158           1
       29.663273      -115.69150     -0.40043163           1
       29.662415      -115.69174     -0.40646696           1
       29.661557      -115.69197     -0.40646696           1
       29.660698      -115.69220     -0.40646696           1
       29.659840      -115.69243     -0.40646696           1
       29.658982      -115.69266     -0.40646696           2
       29.658124      -115.69289     -0.38964033           2
       29.657265      -115.69312     -0.40646696           2
       29.656407      -115.69335     -0.40646696           2
       29.655548      -115.69358     -0.39805365           2
       29.654689      -115.69381     -0.39805365           2
       29.653830      -115.69404     -0.39805365           2
       29.652972      -115.69427     -0.39445734           2
       29.652114      -115.69450     -0.39445734           2
       29.651255      -115.69473     -0.40287066           2
       29.650396      -115.69496     -0.40287066           2
       29.649538      -115.69520     -0.38604403           2
       29.648680      -115.69543     -0.41128397           2
       29.647823      -115.69566     -0.40287066           2
       29.646964      -115.69589     -0.40287066           2
       29.646106      -115.69612     -0.40287066           2
       29.645247      -115.69635     -0.40287066           2
       29.644389      -115.69658     -0.38193130           2
       29.643530      -115.69681     -0.38193130           2
       29.642672      -115.69704     -0.37351799           2
       29.641814      -115.69727     -0.39034462           2
       29.640956      -115.69750     -0.39034462           2
       29.640098      -115.69773     -0.38193130           2
       29.639240      -115.69796     -0.40145540           2
       29.638383      -115.69819     -0.40986872           2
       29.637524      -115.69842     -0.40145540           2
       29.636665      -115.69866     -0.40145540           2
       29.635807      -115.69889     -0.40145540           3
       29.634949      -115.69912     -0.37524509           3
       29.634091      -115.69935     -0.38365841           3
       29.633233      -115.69958     -0.37524509           3
       29.632375      -115.69981     -0.37524509           3
       29.631517      -115.70004     -0.37524509           3
       29.630658      -115.70027     -0.37524509           3
       29.629800      -115.70050     -0.37524509           3
       29.628943      -115.70073     -0.36683178           3
       29.628085      -115.70096     -0.37524509           3
       29.627226      -115.70119     -0.38365841           3
       29.626367      -115.70142     -0.37318659           3
       29.625509      -115.70166     -0.36477327           3
       29.624652      -115.70189     -0.36477327           3
       29.623794      -115.70212     -0.37318659           3
       29.622935      -115.70235     -0.37318659           3
       29.622077      -115.70258     -0.36477327           3
       29.621218      -115.70281     -0.37318659           3
       29.620360      -115.70304     -0.38159990           3
       29.619501      -115.70327     -0.38159990           3
       29.618643      -115.70350     -0.39842653           3
       29.617785      -115.70373     -0.39842653           3
       29.616926      -115.70396     -0.38452768           3
       29.616068      -115.70419     -0.37611437           3
       29.615209      -115.70443     -0.38452768           3
       29.614352      -115.70466     -0.38452768           3
       29.613494      -115.70489     -0.39294100           3
       29.612635      -115.70512     -0.38452768           5
       29.611776      -115.70535     -0.37611437           5
       29.610917      -115.70558     -0.39294100           5
       29.610059      -115.70581     -0.38452768           5
       29.609201      -115.70604     -0.38452768           5
       29.608343      -115.70627     -0.36751604           4
       29.607484      -115.70650     -0.36751604           4
       29.606626      -115.70673     -0.38434267           4
       29.605767      -115.70696     -0.39275694           4
       29.604909      -115.70719     -0.38434267           4
       29.604050      -115.70742     -0.39275694           4
       29.603192      -115.70765     -0.39275694           4
       29.602334      -115.70789     -0.39275694           4
       29.601475      -115.70812     -0.40100574           4
       29.600616      -115.70835     -0.40100574           4
       29.599758      -115.70858     -0.40941906           4
       29.598901      -115.70881     -0.38485861           4
       29.598041      -115.70904     -0.41009951           4
       29.597183      -115.70927     -0.39327288           4
       29.596324      -115.70950     -0.38485861           4
       29.595466      -115.70973     -0.39327288           4
       29.594608      -115.70996     -0.38485861           4
       29.593750      -115.71019     -0.40168619           4
       29.592891      -115.71042     -0.40168619           4
       29.592032      -115.71065     -0.40168619           4
       29.591174      -115.71088     -0.40168619           4
       29.590315      -115.71111     -0.36966991           4
       29.589457      -115.71134     -0.36125660           6
       29.588599      -115.71157     -0.36125660           6
       29.587740      -115.71180     -0.37808323           6
       29.586881      -115.71203     -0.36125660           6
       29.586023      -115.71226     -0.36966991           6
       29.585165      -115.71250     -0.37808323           6
       29.584307      -115.71273     -0.37808323           6
       29.583448      -115.71296     -0.37808323           6
       29.582590      -115.71319     -0.36966991           6
       29.581732      -115.71342     -0.36125660           6
       29.580873      -115.71365     -0.36463499           6
       29.580016      -115.71388     -0.36463499           6
       29.579158      -115.71411     -0.36463499           6
       29.578299      -115.71434     -0.37304831           6
       29.577441      -115.71457     -0.35622168           6
       29.576582      -115.71480     -0.34780836           6
       29.575724      -115.71503     -0.35622168           6
       29.574866      -115.71526     -0.35622168           6
       29.574007      -115.71549     -0.38146162           6
       29.573149      -115.71572     -0.37304831           6
       29.572291      -115.71595     -0.37265825           6
       29.571434      -115.71619     -0.37265825           6
       29.570576      -115.71642     -0.38107157           6
       29.569718      -115.71665     -0.38107157           6
       29.568859      -115.71688     -0.38107157           6
       29.568001      -115.71711     -0.38107157           6
       29.567143      -115.71734     -0.39789915           6
       29.566285      -115.71757     -0.38107157           6
       29.565427      -115.71780     -0.38948488           7
       29.564568      -115.71803     -0.37951994           7
       29.563710      -115.71826     -0.37951994           7
       29.562853      -115.71849     -0.37613010           7
       29.561995      -115.71872     -0.35930252           7
       29.561137      -115.71895     -0.35930252           7
       29.560278      -115.71918     -0.36771584           7
       29.559420      -115.71941     -0.36771584           7
       29.558561      -115.71964     -0.36771584           7
       29.557702      -115.71987     -0.37613010           7
       29.556845      -115.72010     -0.37613010           7
       29.555986      -115.72033     -0.37613010           7
       29.555128      -115.72056     -0.35930252           7
       29.554270      -115.72079     -0.37302065           7
       29.553411      -115.72102     -0.37302065           7
       29.552553      -115.72125     -0.37302065           7
       29.551695      -115.72148     -0.37302065           7
       29.550837      -115.72171     -0.38143396           7
       29.549979      -115.72194     -0.36460638           7
       29.549121      -115.72217     -0.37302065           7
       29.548262      -115.72240     -0.37302065           7
       29.547404      -115.72263     -0.37302065           7
       29.546546      -115.72287     -0.38143396           7
       29.545687      -115.72310     -0.38984728           7
       29.544829      -115.72332     -0.36471510           7
       29.543971      -115.72355     -0.37312841           7
       29.543113      -115.72379     -0.37312841           7
       29.542254      -115.72402     -0.37312841           8
       29.541396      -115.72425     -0.37312841           8
       29.540537      -115.72448     -0.37312841           8
       29.539679      -115.72471     -0.37312841           8
       29.538820      -115.72494     -0.37312841           8
       29.537962      -115.72517     -0.37312841           8
       29.537104      -115.72540     -0.38154173           8
       29.536245      -115.72563     -0.36274147           8
       29.535388      -115.72586     -0.35432816           8
       29.534530      -115.72609     -0.37115479           8
       29.533671      -115.72632     -0.36274147           8
       29.532812      -115.72655     -0.36274147           8
       29.531954      -115.72678     -0.37115479           8
       29.531096      -115.72701     -0.37956810           8
       29.530237      -115.72724     -0.36274147           8
       29.529378      -115.72747     -0.36274147           8
       29.528520      -115.72770     -0.37115479           8
       29.527662      -115.72793     -0.37115479           8
       29.526803      -115.72816     -0.35744429           8
       29.525945      -115.72839     -0.35744429           8
       29.525087      -115.72862     -0.36585760           8
       29.524228      -115.72885     -0.37427092           8
       29.523369      -115.72908     -0.36585760           8
       29.522510      -115.72931     -0.35744429           8
       29.521652      -115.72954     -0.36585760           8
       29.520793      -115.72977     -0.36585760           8
       29.519935      -115.73000     -0.37427092           8
       29.519076      -115.73023     -0.36585760          10
       29.518217      -115.73046     -0.37427092          10
       29.517359      -115.73069     -0.35971642          10
       29.516501      -115.73092     -0.35130310          10
       29.515642      -115.73115     -0.35971642          10
       29.514784      -115.73138     -0.35130310          10
       29.513925      -115.73161     -0.35130310          10
       29.513067      -115.73184     -0.35971642          10
       29.512208      -115.73207     -0.35130310          10
       29.511349      -115.73230     -0.35971642          10
       29.510491      -115.73253     -0.35130310          10
       29.509632      -115.73276     -0.36812973          10
       29.508775      -115.73299     -0.34662390          10
       29.507916      -115.73322     -0.35503721           9
       29.507057      -115.73345     -0.35503721           9
       29.506199      -115.73368     -0.35503721           9
       29.505340      -115.73391     -0.35503721           9
       29.504481      -115.73414     -0.35503721           9
       29.503623      -115.73437     -0.35503721           9
       29.502765      -115.73460     -0.36345053           9
       29.501906      -115.73483     -0.34662390           9
       29.501048      -115.73506     -0.35503721           9
       29.500190      -115.73529     -0.35503721           9
       29.499331      -115.73552     -0.35598373           9
       29.498473      -115.73575     -0.35598373           9
       29.497615      -115.73598     -0.36439705           9
       29.496756      -115.73621     -0.36439705           9
       29.495897      -115.73644     -0.36439705          11
       29.495039      -115.73667     -0.35598373          11
       29.494181      -115.73690     -0.36439705          11
       29.493322      -115.73713     -0.37281036          11
       29.492464      -115.73736     -0.35598373          11
       29.491605      -115.73759     -0.35598373          11
       29.490747      -115.73782     -0.33768940          11
       29.489889      -115.73805     -0.35451603          11
       29.489030      -115.73828     -0.36179733          11
       29.488172      -115.73851     -0.35338402          11
       29.487313      -115.73874     -0.36179733          11
       29.486454      -115.73897     -0.35338402          11
       29.485596      -115.73920     -0.36179733          11
       29.484738      -115.73943     -0.36179733          11
       29.483879      -115.73966     -0.37021065          11
       29.483020      -115.73989     -0.37021065          11
       29.482162      -115.74012     -0.37021065          11
       29.481303      -115.74035     -0.35962200          11
       29.480446      -115.74058     -0.36803532          11
       29.479588      -115.74081     -0.37644863          11
       29.478728      -115.74104     -0.36803532          11
       29.477869      -115.74127     -0.36803532          11
       29.477010      -115.74150     -0.36803532          11
       29.476151      -115.74173     -0.37644863          11
       29.475293      -115.74196     -0.37644863          11
       29.474435      -115.74219     -0.37644863          11
       29.473576      -115.74242     -0.37644863          11
       29.472718      -115.74265     -0.37634802          12
       29.471859      -115.74288     -0.37634802          12
       29.471000      -115.74311     -0.36793470          12
       29.470143      -115.74334     -0.37634802          12
       29.469284      -115.74357     -0.37634802          12
       29.468425      -115.74380     -0.37634802          12
       29.467567      -115.74403     -0.36793470          12
       29.466709      -115.74426     -0.38476133          12
       29.465849      -115.74449     -0.38476133          12
       29.464990      -115.74472     -0.36793470          12
       29.464132      -115.74495     -0.39317465          12
       29.463274      -115.74518     -0.35720778          12
       29.462415      -115.74541     -0.34879446          12
       29.461555      -115.74564     -0.36562109          12
       29.460697      -115.74587     -0.36562109          12
       29.459839      -115.74610     -0.35720778          12
       29.458981      -115.74633     -0.36562109          12
       29.458121      -115.74656     -0.36562109          12
       29.457263      -115.74679     -0.35720778          12
       29.456405      -115.74702     -0.36562109          12
       29.455546      -115.74725     -0.37403440          12
       29.454688      -115.74748     -0.34478712          12
       29.453829      -115.74771     -0.35320044          12
       29.452970      -115.74794     -0.35320044          12
       29.452112      -115.74817     -0.34314728          12
       29.451254      -115.74840     -0.35997391          12
       29.450396      -115.74863     -0.36838722          12
       29.449538      -115.74886     -0.35156059          12
       29.448678      -115.74909     -0.36838722          13
       29.447820      -115.74933     -0.35156059          13
       29.446961      -115.74956     -0.35997391          13
       29.446102      -115.74979     -0.35997391          13
       29.445244      -115.75001     -0.36473942          13
       29.444386      -115.75024     -0.33949947          13
       29.443528      -115.75047     -0.34791279          13
       29.442669      -115.75070     -0.33949947          13
       29.441810      -115.75094     -0.35632610          13
       29.440952      -115.75117     -0.35632610          13
       29.440094      -115.75140     -0.34791279          13
       29.439235      -115.75163     -0.34791279          13
       29.438376      -115.75186     -0.35632610          13
       29.437518      -115.75209     -0.35632610          13
       29.436660      -115.75232     -0.34798670          13
       29.435801      -115.75255     -0.34798670          13
       29.434943      -115.75278     -0.34798670          13
       29.434084      -115.75301     -0.33957338          13
       29.433225      -115.75324     -0.33957338          13
       29.432367      -115.75347     -0.33957338          13
       29.431509      -115.75369     -0.33957338          13
       29.430650      -115.75392     -0.33116007          13
       29.429792      -115.75415     -0.33957338          13
       29.428934      -115.75438     -0.34798670          13
       29.428075      -115.75461     -0.32274675          13
       29.427217      -115.75484     -0.32527828          13
       29.426358      -115.75507     -0.33369160          13
       29.425499      -115.75530     -0.35051823          14
       29.424641      -115.75554     -0.34210491          14
       29.423782      -115.75576     -0.33369160          14
       29.422924      -115.75599     -0.32527828          14
       29.422065      -115.75622     -0.34210491          14
       29.421207      -115.75645     -0.33369160          14
       29.420348      -115.75668     -0.34210491          14
       29.419489      -115.75691     -0.34210491          14
       29.418631      -115.75714     -0.32750940          14
       29.417771      -115.75737     -0.31068277          14
       29.416912      -115.75760     -0.31909609          14
       29.416054      -115.75783     -0.31068277          14
       29.415195      -115.75806     -0.31068277          14
       29.414337      -115.75829     -0.33212852          14
       29.413478      -115.75852     -0.32371521          14
       29.412620      -115.75875     -0.34895515          14
       29.411761      -115.75898     -0.33212852          14
       29.410902      -115.75921     -0.33212852          14
       29.410044      -115.75944     -0.34895515          14
       29.409185      -115.75967     -0.33219957          14
       29.408327      -115.75990     -0.34902620          14
       29.407469      -115.76013     -0.33219957          15
       29.406610      -115.76036     -0.33219957          15
       29.405751      -115.76059     -0.34061289          15
       29.404892      -115.76082     -0.34902620          15
       29.404034      -115.76105     -0.34061289          15
       29.403175      -115.76128     -0.34061289          15
       29.402317      -115.76151     -0.34902620          16
       29.401459      -115.76174     -0.34902620          16
       29.400601      -115.76197     -0.34381294          16
       29.399742      -115.76220     -0.34381294          16
       29.398884      -115.76243     -0.35222626          16
       29.398025      -115.76266     -0.36064053          16
       29.397166      -115.76289     -0.35222626          16
       29.396308      -115.76312     -0.35222626          16
       29.395449      -115.76335     -0.36064053          16
       29.394591      -115.76358     -0.34381294          16
       29.393733      -115.76381     -0.35222626          16
       29.392875      -115.76404     -0.35222626          16
       29.392017      -115.76427     -0.35222626          16
       29.391158      -115.76450     -0.33401203          16
       29.390299      -115.76473     -0.33401203          16
       29.389441      -115.76496     -0.32559776          16
       29.388583      -115.76519     -0.34242535          16
       29.387724      -115.76542     -0.33401203          16
       29.386866      -115.76565     -0.33401203          16
       29.386008      -115.76588     -0.33401203          16
       29.385150      -115.76611     -0.32559776          16
       29.384291      -115.76634     -0.34242535          16
       29.383432      -115.76657     -0.34242535          16
       29.382574      -115.76680     -0.33772182          16
       29.381715      -115.76702     -0.33772182          16
       29.380857      -115.76725     -0.32930851          16
       29.379998      -115.76748     -0.32930851          16
       29.379139      -115.76771     -0.33772182          17
       29.378281      -115.76794     -0.34613514          17
       29.377423      -115.76817     -0.32930851          17
       29.376565      -115.76840     -0.33348942          17
       29.375706      -115.76863     -0.34190273          17
       29.374847      -115.76886     -0.34190273          17
       29.373988      -115.76909     -0.32507515          17
       29.373129      -115.76932     -0.32512474          17
       29.372271      -115.76955     -0.31671047          17
       29.371414      -115.76978     -0.32512474          17
       29.370555      -115.77001     -0.31671047          17
       29.369696      -115.77024     -0.31671047          17
       29.368838      -115.77047     -0.33353806          17
       29.367979      -115.77070     -0.33353806          17
       29.367120      -115.77093     -0.33353806          17
       29.366262      -115.77116     -0.33353806          17
       29.365403      -115.77139     -0.33353806          17
       29.364545      -115.77162     -0.33667469          17
       29.363686      -115.77185     -0.32826138          17
       29.362827      -115.77208     -0.33667469          17
       29.361969      -115.77231     -0.33667469          17
       29.361111      -115.77253     -0.32826138          17
       29.360252      -115.77276     -0.32826138          17
       29.359393      -115.77299     -0.32826138          17
       29.358535      -115.77322     -0.34508801          17
       29.357676      -115.77345     -0.31984711          17
       29.356818      -115.77368     -0.31984711          17
       29.355959      -115.77391     -0.32826138          17
       29.355101      -115.77414     -0.34085798          18
       29.354243      -115.77437     -0.33244467          18
       29.353384      -115.77460     -0.34085798          18
       29.352525      -115.77483     -0.33244467          18
       29.351666      -115.77506     -0.33244467          18
       29.350808      -115.77529     -0.33244467          18
       29.349950      -115.77552     -0.31561708          18
       29.349092      -115.77575     -0.34085798          18
       29.348233      -115.77598     -0.32403040          18
